  -900   -976   1457   -123
  -901   -985   1457   -156
  -912   -964   1467    -78
  -923   -960   1458    -32
  -942   -959   1420      5
  -949   -957   1400     27
  -938   -965   1396     48
  -923   -976   1395     47
  -905   -996   1400     37
  -904  -1004   1402      9
  -907  -1000   1413     -8
  -915  -1001   1410    -42
  -933   -988   1433    -71
  -921   -986   1412    -71
  -930   -991   1409    -95
  -927   -989   1407   -120
  -918   -991   1408   -130
  -920   -989   1404   -125
  -916   -989   1402   -123
  -919   -971   1426    -59
  -914   -966   1442    -19
  -910   -970   1443     30
  -909   -978   1441     42
  -918   -989   1418     27
  -934   -987   1411      3
  -943   -983   1382    -18
  -973   -979   1367    -52
  -953   -981   1359    -91
  -935   -994   1367   -126
  -907  -1005   1385   -168
  -894   -994   1423   -193
  -882   -985   1433   -175
  -909   -971   1459   -147
  -926   -955   1444    -92
  -953   -948   1428    -28
  -943   -958   1394     -3
  -950   -987   1365    -47
  -925   -934   1480   -133
  -924   -944   1467    -74
  -922   -948   1463      8
  -920   -977   1444     98
  -925   -996   1405     98
  -934   -999   1384      4
  -933   -990   1393   -113
  -934   -981   1398   -202
  -923   -972   1425   -246
  -902   -966   1456   -213
  -900   -964   1463   -161
  -913   -963   1444   -132
  -936   -967   1431   -122
  -932   -981   1425   -157
  -932   -986   1407   -237
  -918   -993   1408   -319
  -918   -972   1448   -344
  -910   -942   1439   -312
  -926   -935   1420   -258
  -937   -919   1433   -180
  -934   -910   1398    -99
  -941   -918   1362    -33
  -941   -930   1324    -20
  -942   -920   1280    -55
  -958   -905   1241   -119
  -988   -891   1203   -208
 -1006   -876   1187   -261
  -997   -865   1190   -287
  -973   -869   1174   -299
  -945   -884   1125   -320
  -902   -896   1123   -379
  -882   -883   1157   -441
  -891   -870   1143   -533
  -916   -861   1110   -711
  -923   -866   1145   -963
  -908   -905   1246  -1246
  -855   -970   1369  -1516
  -785  -1037   1490  -1796
  -755  -1058   1678  -2030
  -741  -1030   1920  -2065
  -732  -1016   2096  -1942
  -733   -998   2221  -1728
  -774   -999   2304  -1450
  -845  -1005   2392  -1121
  -830  -1028   2417   -847
  -864  -1072   2563   -477
  -849  -1145   2637   -138
  -769  -1175   2579    100
  -709  -1143   2458    332
  -713  -1052   2243    556
  -760   -958   2006    776
  -785   -890   1783    997
  -780   -834   1574   1295
  -762   -787   1301   1556
  -767   -763   1041   1705
  -780   -768    792   1671
  -806   -757    569   1425
  -834   -723    366    985
  -856   -691    184    439
  -855   -634     49   -194
  -830   -558     -3   -753
  -862   -521     -3  -1119
  -916   -524     54  -1403
  -949   -553    218  -1632
  -999   -617    412  -1856
 -1067   -691    630  -2063
 -1103   -753    879  -2297
 -1057   -820   1203  -2564
  -951   -893   1594  -2820
  -817   -955   1931  -3127
  -777   -966   2360  -3254
  -731   -980   2720  -3175
  -731   -976   3025  -2868
  -714  -1035   3277  -2458
  -727  -1062   3508  -1965
  -666  -1032   3665  -1270
  -656   -999   3738   -280
  -636   -996   3436    775
  -526   -904   2938   1529
  -531   -814   2513   2217
  -608   -770   2113   2791
  -670   -742   1715   3196
  -686   -735   1305   3294
  -727   -735    977   3114
  -756   -721    725   2752
  -761   -697    511   2324
  -782   -678    338   1846
  -798   -627    199   1306
  -833   -592    129    764
  -852   -570     72    344
  -887   -538     67     25
  -977   -584     76   -263
 -1031   -596    167   -567
 -1050   -636    294   -933
 -1125   -726    496  -1361
 -1142   -802    757  -1887
 -1089   -829   1066  -2431
 -1014   -848   1429  -2809
  -881   -853   1823  -2918
  -799   -843   2241  -2740
  -776   -829   2577  -2248
  -744   -835   2861  -1651
  -749   -917   3094  -1029
  -717  -1039   3224   -475
  -671  -1153   3272   -107
  -639  -1209   3288    113
  -626  -1162   3344    481
  -514  -1100   3194    998
  -442  -1019   2911   1557
  -415   -927   2557   2091
  -446   -833   2186   2557
  -470   -766   1772   2869
  -447   -749   1382   2911
  -481   -734   1031   2649
  -534   -704    731   2139
  -661   -659    493   1495
  -780   -606    329    900
  -922   -587    168    369
 -1026   -557     48    -75
 -1078   -527     -9   -460
 -1128   -531    -28   -766
 -1132   -550     -7  -1020
 -1155   -597     65  -1317
 -1192   -673    165  -1738
 -1228   -745    336  -2291
 -1249   -783    587  -2820
 -1222   -813    874  -3321
 -1147   -816   1271  -3711
 -1011   -802   1650  -3898
  -854   -813   2037  -3936
  -683   -875   2445  -3926
  -574   -887   2792  -3888
  -575   -827   3104  -3669
  -635   -735   3435  -2974
  -624   -709   3614  -2146
  -618   -713   3646  -1266
  -592   -741   3517   -331
  -621   -786   3235    423
  -656   -791   2853    987
  -727   -764   2472   1473
  -845   -751   2126   1838
  -920   -734   1787   2050
  -915   -680   1457   2022
  -914   -618   1174   1925
  -902   -576    889   1779
  -889   -533    647   1542
  -875   -503    461   1225
  -877   -494    329    873
  -876   -479    216    537
  -837   -467    100    210
  -856   -497     28   -156
  -856   -558    -25   -675
  -884   -581     -7  -1335
  -936   -560     98  -1992
  -994   -560    246  -2626
 -1114   -599    454  -3336
 -1159   -615    688  -4029
 -1120   -651    939  -4793
  -998   -698   1211  -5657
  -774   -681   1611  -6507
  -532   -572   2160  -7006
  -289   -401   2784  -6840
  -177   -272   3275  -6028
  -133   -193   3589  -4928
   -51    -87   3812  -3742
    26    -87   3911  -2517
    65   -167   3832  -1330
     0   -300   3572   -145
  -133   -407   3234    847
  -273   -466   2881   1609
  -442   -463   2532   2165
  -607   -458   2181   2527
  -729   -458   1872   2711
  -789   -453   1619   2772
  -812   -444   1436   2790
  -816   -427   1344   2811
  -804   -439   1288   2828
  -779   -453   1243   2766
  -745   -459   1217   2685
  -687   -479   1205   2551
  -647   -496   1222   2375
  -607   -496   1248   2192
  -583   -492   1292   2017
  -572   -481   1368   1915
  -541   -501   1408   1831
  -525   -507   1513   1706
  -509   -505   1609   1673
  -511   -513   1638   1641
  -528   -547   1630   1582
  -523   -580   1697   1527
  -503   -620   1782   1566
  -522   -680   1794   1606
  -526   -698   1817   1562
  -536   -728   1841   1628
  -580   -773   1835   1751
  -618   -797   1822   1813
  -680   -804   1804   1821
  -724   -811   1783   1792
  -747   -824   1782   1792
  -744   -861   1740   1754
  -737   -877   1702   1609
  -743   -872   1688   1470
  -761   -878   1644   1382
  -781   -891   1597   1268
  -772   -919   1543   1057
  -756   -943   1511    798
  -732   -899   1535    593
  -744   -833   1594    521
  -782   -791   1615    522
  -784   -774   1607    507
  -787   -786   1576    524
  -795   -804   1533    527
  -795   -794   1532    515
  -790   -786   1545    550
  -771   -798   1558    574
  -738   -776   1590    573
  -750   -741   1618    699
  -752   -757   1621    851
  -710   -818   1618    910
  -709   -874   1578    873
  -743   -895   1526    703
  -794   -912   1464    437
  -839   -878   1452    202
  -850   -831   1488    153
  -824   -823   1553    241
  -780   -817   1614    419
  -751   -802   1649    645
  -770   -822   1634    870
  -779   -854   1603   1013
  -749   -867   1575   1100
  -759   -905   1524   1130
  -817   -852   1510   1043
  -788   -840   1525    910
  -775   -884   1555    802
  -789   -864   1566    689
  -782   -865   1583    670
  -786   -888   1598    766
  -803   -880   1626    982
  -818   -855   1625   1127
  -868   -797   1700   1005
  -938   -815   1699   1149
  -879   -848   1604   1362
  -862   -862   1569   1504
  -897   -867   1548   1616
  -886   -862   1527   1699
  -870   -842   1515   1846
  -887   -859   1450   1966
  -899   -839   1400   1968
  -923   -827   1398   1970
  -863   -842   1350   1992
  -898   -875   1369   2100
 -1013  -1022   1178   2223
  -775  -1161   1198   2276
  -660  -1339   1237   2054
  -725  -1411   1174   1424
  -698  -1363   1163    694
  -681  -1338   1260    267
  -991  -1175   1222   -163
  -923  -1052   1282   -556
  -937  -1016   1334   -402
  -956  -1035   1336   -219
  -831  -1109   1396    -99
  -700  -1203   1442    -33
  -658  -1254   1410   -188
  -699  -1277   1417   -609
  -836  -1234   1407  -1270
  -911  -1150   1368  -1829
  -917  -1074   1369  -2073
  -841  -1037   1443  -2035
  -821  -1022   1493  -1970
  -852   -929   1552  -1845
  -865   -839   1595  -1432
  -818   -817   1606   -823
  -815   -800   1635   -146
  -816   -858   1603    503
  -801   -954   1544    926
  -832  -1090   1449    866
  -865  -1147   1389    444
  -883  -1145   1365    -45
  -892  -1090   1374   -433
  -901  -1032   1404   -616
  -875   -991   1475   -631
  -837   -949   1558   -453
  -807   -948   1583   -161
  -785   -943   1550    117
  -828   -948   1503    349
  -880   -960   1438    459
  -898   -993   1393    382
  -896  -1017   1365    200
  -883  -1027   1376     32
  -875  -1007   1412    -75
  -884   -974   1423   -108
  -869   -967   1433    -80
  -852   -964   1437    -24
  -852   -970   1436     29
  -850   -982   1417     17
  -836   -987   1415     -4
  -817   -990   1435     -4
  -817   -989   1481     12
  -826   -999   1488     45
  -831  -1001   1478     67
  -834  -1010   1469     78
  -836  -1010   1460    104
  -864  -1008   1431     93
  -871  -1006   1410     49
  -872  -1011   1401      2
  -864  -1008   1402    -71
  -857   -995   1423   -164
  -841   -992   1427   -204
  -823   -980   1494   -115
  -793   -989   1523     43
  -835  -1015   1521    118
  -855  -1008   1471    121
  -865   -997   1411     73
  -865  -1001   1404     49
  -861   -992   1426     31
  -877   -982   1440     38
  -897   -987   1401     35
  -868   -994   1343    -58
  -849  -1016   1341   -198
  -828  -1023   1406   -281
  -824   -991   1517   -170
  -841   -989   1543     12
  -842   -993   1505    107
  -849  -1013   1450     96
  -833  -1022   1448     34
  -836  -1019   1459      0
  -856  -1012   1452    -54
  -887  -1003   1448   -111
  -848  -1002   1447   -167
  -835   -983   1504   -131
  -832   -976   1502     33
  -833   -978   1456    144
  -870   -986   1401    155
  -877  -1000   1384     75
  -874  -1001   1423      5
  -883   -995   1431    -22
  -878   -984   1412    -46
  -891   -985   1392    -90
  -870  -1003   1385   -138
  -818   -994   1469   -123
  -803   -984   1535     24
  -815   -985   1510    162
  -832   -986   1444    159
  -850  -1002   1400     71
  -858  -1012   1391    -22
  -867  -1011   1401   -135
  -880  -1008   1416   -275
  -883   -998   1428   -378
  -868   -978   1461   -388
  -812   -953   1529   -261
  -803   -952   1538    -15
  -827   -992   1535     95
  -849   -980   1481    243
  -838  -1008   1445    148
  -846  -1010   1443     85
  -854  -1020   1407     -3
  -871  -1021   1385   -153
  -870  -1016   1399   -265
  -865  -1010   1428   -313
  -851  -1004   1468   -311
  -837   -993   1507   -229
  -836   -981   1513   -112
  -842   -971   1492    -25
  -853   -974   1467     18
  -861   -981   1444    -13
  -851   -975   1430    -85
  -850   -971   1440   -137
  -834   -977   1462   -130
  -821   -976   1482    -81
  -827   -986   1489    -29
  -835  -1000   1494     18
  -844  -1005   1467     12
  -855   -997   1445    -36
  -866   -977   1431   -105
  -860   -951   1416   -158
  -854   -949   1417   -202
  -847   -949   1428   -219
  -820   -965   1455   -192
  -802   -975   1497   -149
  -818   -987   1514    -67
  -823  -1004   1489     -7
  -841  -1010   1474     -6
  -853  -1000   1471    -15
  -862   -982   1458    -30
  -868   -958   1435    -53
  -856   -958   1437    -94
  -826   -954   1464    -91
  -821   -943   1498    -20
  -816   -957   1502     64
  -811   -973   1489    114
  -820   -979   1486    160
  -841   -991   1467    172
  -863   -994   1440    125
  -882  -1001   1415     22
  -888  -1002   1394   -128
  -880   -984   1391   -255
  -861   -960   1416   -305
  -834   -955   1446   -281
  -799   -955   1488   -204
  -781   -959   1510    -89
  -784   -970   1506     14
  -814   -986   1480     51
  -847   -985   1455      0
  -861   -989   1454    -83
  -872   -995   1444   -174
  -874   -982   1445   -250
  -858   -958   1473   -290
  -830   -932   1519   -215
  -803   -921   1542    -17
  -785   -940   1549    179
  -783   -968   1523    288
  -804   -988   1489    316
  -827  -1002   1447    253
  -856  -1017   1435    122
  -860  -1027   1451    -43
  -855  -1011   1477   -156
  -796   -986   1504   -153
  -809   -963   1530    -79
  -805   -949   1525     25
  -790   -950   1507    119
  -799   -969   1478    173
  -812   -985   1452    139
  -829   -994   1444     83
  -840  -1002   1452     15
  -851   -997   1476    -27
  -851   -995   1483    -16
  -845   -985   1494     20
  -835   -982   1502     38
  -825   -980   1485     37
  -808   -947   1495     55
  -803   -940   1511    112
  -800   -958   1496    138
  -802   -978   1483    134
  -818   -991   1478    107
  -828  -1004   1463     48
  -832  -1010   1457     -7
  -829  -1018   1463    -47
  -829   -996   1483    -35
  -831   -978   1492     27
  -826   -961   1500     97
  -805   -961   1513    152
  -804   -957   1510    209
  -804   -967   1493    240
  -802   -989   1474    180
  -803   -993   1470    104
  -809   -994   1469     67
  -819  -1003   1452     18
  -814   -986   1472      9
  -824   -989   1503     75
  -820   -983   1502    174
  -827   -980   1480    242
  -836   -992   1441    234
  -833   -981   1426    155
  -835   -983   1428     62
  -829   -981   1425    -20
  -815   -979   1430    -69
  -798   -992   1480    -65
  -783   -996   1543     49
  -792  -1003   1536    179
