  -666    -15   1834      8
  -665    -14   1834     11
  -657    -12   1833      9
  -666    -14   1830      8
  -669    -15   1834      8
  -672    -12   1829     11
  -673    -14   1830      8
  -667    -14   1836      9
  -662    -12   1840      9
  -665    -12   1832      9
  -668    -16   1823      4
  -674    -16   1835      5
  -674    -14   1838      6
  -671    -13   1838      6
  -673    -13   1842      5
  -669    -10   1835      6
  -672    -10   1829      7
  -675    -16   1816      6
  -677    -14   1818     10
  -670    -12   1830      9
  -667    -13   1833      8
  -660    -15   1844      6
  -662    -15   1852      3
  -666    -16   1844      5
  -673    -13   1835      8
  -678    -10   1825     11
  -680    -14   1815      9
  -675    -12   1821      8
  -668    -10   1834      6
  -659    -11   1840      7
  -666    -13   1842      7
  -667    -14   1844      8
  -672    -15   1839      8
  -673    -19   1833     11
  -682    -14   1829     11
  -677     -8   1828     14
  -670    -11   1828     11
  -662    -10   1839      8
  -667    -12   1837     11
  -671    -12   1826     12
  -673    -10   1830     10
  -673    -13   1827     10
  -674     -8   1829      8
  -669    -12   1837      7
  -672     -9   1839      7
  -662    -11   1844     11
  -666    -14   1839      6
  -664    -14   1837      5
  -672    -13   1835      3
  -675    -17   1828      6
  -681    -14   1824      5
  -675    -13   1829      6
  -669    -11   1832      7
  -662    -12   1834      6
  -669    -12   1833      8
  -672    -12   1834      9
  -675    -10   1827      8
  -671    -13   1821      7
  -669    -13   1831      9
  -669    -12   1838      9
  -677    -15   1840      6
  -678    -15   1844      5
  -680    -14   1844      6
  -675    -12   1838      6
  -664    -13   1836      4
  -669    -11   1820      7
  -683    -11   1810      7
  -678    -15   1808      9
  -685    -13   1811      8
  -677    -14   1825      8
  -664    -16   1849      6
  -659    -15   1853      7
  -660    -14   1853      8
  -666    -10   1834      6
  -675    -13   1821     10
  -682    -14   1815      8
  -679    -12   1811      9
  -685    -16   1829      5
  -682    -15   1837      6
  -671    -18   1848      8
  -661    -13   1856      6
  -653    -13   1849      5
  -664    -11   1835      8
  -682    -13   1818      6
  -677    -11   1807      9
  -680    -11   1802     12
  -681    -15   1807     11
  -683    -13   1826     13
  -675    -15   1849      6
  -659    -11   1870      5
  -659    -14   1870      8
  -668    -15   1856      4
  -670    -10   1834      5
  -688    -10   1815      5
  -678    -12   1808      4
  -672    -12   1814      8
  -665    -12   1812      8
  -669    -14   1808     12
  -679    -14   1816     12
  -676    -12   1830     11
  -668    -12   1844     11
  -665    -11   1852      8
  -669    -11   1847     10
  -678    -13   1845      5
  -673    -10   1848      8
  -672    -13   1836      8
  -669    -15   1825      8
  -676    -13   1810     11
  -676    -12   1809     11
  -670    -12   1809     10
  -664    -13   1830      9
  -662    -11   1841      9
  -665    -14   1847      7
  -677    -13   1849      7
  -679    -12   1851      6
  -674    -14   1847      6
  -664    -14   1844      6
  -668    -10   1833      7
  -678    -13   1819      5
  -680     -8   1811     10
  -651      3   1775     27
  -618      0   1683     63
  -737    -30   1684     35
  -784    -33   1871     -8
  -642    -10   2053    -14
  -589    -21   2076      2
  -601     -7   1979      0
  -644     -5   1867     -2
  -697    -13   1794     14
  -702    -17   1712     11
  -701    -17   1663     -2
  -712    -14   1683      0
  -687     -9   1764      8
  -665     -3   1846     19
  -642     -3   1903     28
  -624    -11   1912     26
  -643    -18   1881     19
  -672    -20   1846     15
  -690    -19   1844     10
  -683    -15   1853      9
  -672     -8   1842      7
  -673    -12   1826     12
  -672    -16   1811     16
  -675    -17   1797     17
  -675    -14   1796     12
  -665     -9   1819      7
  -662    -10   1845     13
  -662    -14   1864     11
  -661    -16   1868     14
  -662    -16   1853     16
  -669    -16   1835     15
  -682    -13   1819     10
  -691    -15   1821      5
  -674    -12   1840      8
  -656    -13   1852     11
  -652    -14   1846     12
  -660    -13   1838      6
  -673    -13   1824      1
  -684    -17   1817      0
  -703    -19   1805      9
  -678    -15   1825      7
  -644    -12   1854      4
  -642     -8   1856      3
  -658     -9   1861     -5
  -664     -7   1869    -14
  -678      0   1873    -31
  -679    -13   1867    -48
  -708    -23   1826    -37
  -712    -26   1805    -18
  -686    -26   1797     -5
  -668    -17   1799      0
  -666    -18   1795      1
  -648    -14   1802      3
  -648    -12   1804      8
  -663    -12   1812      9
  -670    -13   1832      8
  -680     -9   1849     11
  -677    -15   1862     10
  -676    -15   1866      9
  -667    -16   1859      6
  -664      1   1855    -13
  -633     -3   1857    -43
  -650    -24   1840    -33
  -660    -37   1820     -7
  -678    -25   1800      7
  -689    -24   1779      4
  -752    -50   1746     31
  -775    -51   1746    101
  -723    -40   1805     97
  -699    -60   1847    139
  -716     -4   1890    271
  -712    -25   1863    423
  -663    -71   1824     -9
  -485     99   1998     53
  -407     85   1890     80
  -574      3   1892    -18
  -620     -6   1869    -34
  -643      0   1840    -86
  -664      5   1852   -134
  -694    -11   1814   -121
  -728     -8   1782   -110
  -741    -14   1768    -73
  -728    -25   1770    -34
  -708    -28   1785    -15
  -689    -34   1810      1
  -674    -19   1836      6
  -668    -15   1852      4
  -676    -11   1866      5
  -684    -10   1860      5
  -697    -14   1845      5
  -695    -12   1827      8
  -697    -16   1812      6
  -691    -16   1797      6
  -692    -10   1799      8
  -695    -14   1795      5
  -703    -12   1803      5
  -703    -12   1818      7
  -699    -15   1837     16
  -704    -12   1841     27
  -695     -5   1836     18
  -691    -10   1832     11
  -686    -15   1827      7
  -685    -13   1830      9
  -677     -9   1839      4
  -673    -12   1841      8
  -691     -9   1828     13
  -697    -11   1820     11
  -715    -13   1805      9
  -727    -12   1799      9
  -726    -11   1800      9
  -724    -12   1796     10
  -723    -13   1799     10
  -690    -15   1826      7
  -683    -12   1833     11
  -687    -14   1832     11
  -694    -11   1831     10
  -687    -14   1835      9
  -700    -15   1834      7
  -709    -14   1821      0
  -712    -12   1819      0
  -721     -8   1808      4
  -717    -11   1807      3
  -701    -11   1815      6
  -705    -12   1808      8
  -706    -14   1811      6
  -705    -12   1826     11
  -704    -13   1823     10
  -698    -13   1827      9
  -695    -11   1835      8
  -689    -12   1832      9
  -687    -14   1821      8
  -693    -11   1811      9
  -685    -12   1813      7
  -683    -14   1816     10
  -690    -14   1822     10
  -694    -11   1833     12
  -687    -11   1831     11
  -688    -10   1831     14
  -685    -15   1838     13
  -687    -14   1838     12
  -695    -15   1826      6
  -700    -12   1821     10
  -700    -12   1818     10
  -689     -8   1818     10
  -689    -13   1817      8
  -690    -11   1825      8
  -685    -14   1830      9
  -686    -10   1834     11
  -687    -12   1821     13
  -693    -13   1809     10
  -697    -17   1811     10
  -688    -15   1827      8
  -682    -14   1834     10
  -675    -13   1846     12
  -670     -7   1854     15
  -666    -10   1855     20
  -666    -14   1858     19
  -675    -15   1845     11
  -693    -20   1822     -2
  -757      2   1784    -19
  -805    -26   1742    -19
  -760    -15   1771      1
  -697    -13   1818      9
  -663    -13   1835      9
  -656    -12   1845      6
  -652    -11   1857     11
  -664     -9   1854      9
  -680    -10   1839     10
  -708    -14   1820     11
  -718    -15   1809      8
  -724    -16   1813      1
  -712    -16   1826      2
  -692    -14   1835      4
  -669    -14   1837      7
  -665     -8   1830      6
  -670    -12   1823      4
  -674    -13   1830      2
  -674    -16   1830      2
  -687    -14   1833      3
  -692    -14   1826      9
  -704    -12   1818      6
  -704    -11   1821      7
  -693    -11   1825      5
  -682    -15   1827      6
  -685    -14   1820      3
  -692    -14   1818      3
  -691    -18   1831      1
  -693    -26   1834     13
  -694    -15   1833     12
  -693    -12   1832     12
  -699     -4   1819     13
  -702     -2   1808     12
  -698     -3   1803     12
  -701    -12   1806     10
  -706    -10   1815      9
  -698    -15   1837      7
  -686    -14   1855      5
  -685    -12   1855      4
  -680    -14   1850      6
  -686    -13   1833      4
  -697    -11   1819      0
  -688     -8   1805      1
  -690    -10   1795      4
  -702    -10   1796      6
  -697    -13   1815      0
  -687    -15   1840      0
  -694    -21   1870     -4
  -703    -19   1892    -14
  -697    -17   1907    -20
  -688    -13   1891    -16
  -683     -3   1835    -12
  -693     -2   1769     -8
  -707     -3   1714      1
  -719     -3   1693      4
  -731     -8   1709      7
  -730     -7   1758      7
  -717    -10   1826     10
  -708    -17   1884      9
  -695    -13   1920     12
  -681     -8   1924      8
  -671     -6   1887      5
  -692     -4   1815      5
  -720     -9   1751      2
  -739    -12   1723      1
  -747    -14   1742      6
  -731     -7   1782      4
  -707    -11   1827      4
  -701    -10   1862      4
  -687    -10   1883      8
  -680    -11   1883      8
  -684     -9   1845      7
  -704     -8   1798      7
  -709    -13   1764      7
  -723    -10   1750      9
  -718     -8   1763     12
  -722     -7   1797     10
  -711     -8   1830      7
  -711     -8   1867      7
  -690     -9   1871      7
  -688     -7   1866      9
  -692    -12   1828     10
  -706    -10   1806     10
  -709    -10   1783      7
  -724     -9   1779      8
  -721    -12   1786      6
  -717     -4   1806     11
  -699     -6   1827      8
  -695     -8   1846     12
  -686     -8   1851     12
  -686    -10   1846     11
  -696    -12   1832     11
  -710     -7   1805     10
  -715    -11   1800      8
  -719    -12   1806     10
  -715    -12   1811     11
  -704    -10   1824      8
  -686    -10   1834     10
  -689     -5   1832     12
  -691     -8   1827      9
  -693     -9   1830      9
  -700     -7   1836      7
  -706    -12   1836      6
  -705    -12   1829      5
  -712    -12   1820      5
  -713    -11   1817      7
  -707    -12   1803      8
  -704    -10   1798      6
  -712     -9   1791     11
  -718     -9   1796     10
  -786    -11   1741     15
  -734    -18   1801     11
  -706    -13   1849     23
  -660     -4   1889     21
  -610     -3   1916      9
  -623     -7   1893      7
  -675     -8   1832     10
  -731    -16   1778      9
  -718     -7   1786      4
  -722     -4   1789     -5
  -716     -9   1803     -5
  -719    -13   1815      5
  -696    -12   1839      4
  -691    -10   1850      6
  -684    -13   1848      7
  -689    -12   1828      8
  -692    -13   1808      5
  -705     -9   1785      8
  -721    -12   1778      9
  -733    -15   1787      3
  -729    -14   1801      6
  -707     -8   1844     11
  -681     -9   1867     10
  -690      1   1866     10
  -660     -7   1869      6
  -704     -9   1823      0
  -723    -15   1778      4
  -735    -11   1766      6
  -736     -9   1772      7
  -738    -10   1793      4
  -716    -12   1822      9
  -701    -11   1849      6
  -696    -11   1857      7
  -697    -10   1840     10
  -707    -12   1818      5
  -715    -13   1794      3
  -720     -8   1787      0
  -722    -11   1793      0
  -712    -12   1796      8
  -706    -13   1816      7
  -702     -9   1834      8
  -701    -10   1843      8
  -697     -8   1843      6
  -703    -11   1835      7
  -704    -14   1822      5
  -712    -12   1806      6
  -705    -11   1794      8
  -716    -13   1801      7
  -717    -15   1811      6
  -713    -10   1824      5
  -704     -9   1840      5
  -701     -9   1842     10
  -698     -9   1834      7
  -705     -9   1817     11
  -716    -10   1795     10
  -723    -10   1783      9
  -721    -10   1788      7
  -723     -9   1809      8
  -712     -9   1841      5
  -699     -5   1856      4
  -694     -8   1862      6
  -695    -10   1843      5
  -706    -10   1812     -7
  -716     -9   1796    -12
  -721    -10   1787     -6
  -718     -9   1787      0
  -712     -8   1798      7
  -702    -13   1813     10
  -707     -9   1835      9
  -700    -12   1846      6
  -699    -11   1848      7
  -701     -9   1836      7
  -710    -10   1823      7
  -707    -12   1815      5
  -711    -12   1804      3
  -701     -9   1793      7
  -704     -8   1800      6
  -710    -10   1803      9
  -711     -5   1815      7
  -709    -10   1826      6
  -714    -11   1836      8
  -702     -8   1844      7
  -703    -13   1829      9
  -707    -11   1810      6
  -720     -9   1797     12
  -735    -13   1781     15
  -699     -5   1821     10
  -688    -10   1833      9
  -697    -10   1837      8
  -699    -12   1836     10
  -710    -11   1827      9
  -692    -13   1829      1
  -700     -9   1817      6
  -708     -9   1803      5
  -721    -11   1806     -6
  -724    -12   1806      5
  -722    -11   1815      7
  -702    -12   1831      7
  -696     -9   1841      8
  -695    -11   1838      9
  -702    -11   1831      8
  -707    -10   1817      6
  -730    -16   1785     12
  -703     -9   1803      4
  -714     -9   1807     10
  -715    -13   1810     11
  -707    -11   1829      7
  -710    -10   1822     16
  -719    -13   1799     15
  -710    -17   1799     15
  -707    -17   1804     29
  -682     -6   1826     28
  -683     -7   1832     25
  -685    -11   1842     24
  -634      5   1889     13
  -531      9   1987    -21
  -632      6   1906    -56
  -730    -33   1789    -31
  -784    -20   1739      5
  -766    -16   1733      2
  -765    -11   1742      4
  -742    -13   1770      5
  -711     -8   1805      9
  -700     -8   1841     11
  -684     -9   1858     11
  -680     -8   1866     15
  -680    -11   1862      8
  -693    -11   1838      2
  -698    -11   1814      4
  -704    -13   1787      6
  -719    -12   1784      7
  -724    -14   1794      5
  -715    -10   1809      5
  -711     -7   1824      6
  -702     -9   1841      9
  -699     -9   1851     10
  -701     -7   1835     11
  -708    -13   1814     10
  -710    -13   1802      9
  -717    -14   1792      9
  -708    -14   1797      9
  -711    -10   1812      5
  -700    -11   1831      7
  -700    -10   1842      9
  -695    -11   1851      8
  -696     -6   1838      6
  -702     -9   1822      9
  -710     -9   1801     11
  -714     -8   1789      9
  -714     -9   1790     12
  -703    -10   1806     12
  -698    -13   1825     11
  -690    -12   1847     11
  -685    -11   1853      7
  -690    -11   1847      6
  -696     -9   1834      7
  -700    -11   1817      7
  -711    -11   1803      8
  -712    -13   1793     10
  -724    -11   1792      9
  -711    -10   1808     10
  -704     -9   1831      7
  -696     -9   1835      8
  -699     -7   1842      6
  -705    -10   1830      8
  -685     -8   1840      8
  -696    -13   1821      8
  -709    -12   1804     10
  -711    -13   1794     10
  -713    -13   1795     10
  -709    -11   1812      8
  -698    -10   1828      7
  -693     -9   1838      6
  -693     -9   1844      6
  -683    -12   1841      9
  -694    -12   1835      9
  -702    -11   1820      6
  -708    -10   1809      8
  -711    -12   1800      7
  -714    -11   1799      7
  -714     -9   1802      8
  -703    -10   1808     10
  -695     -9   1824     10
  -695     -7   1847     11
  -694    -12   1851      9
  -697    -10   1840      9
  -702    -11   1833      5
  -706    -11   1814      7
  -707    -10   1807      9
  -702    -12   1799      9
  -707     -8   1803      8
  -707    -13   1806      7
  -702     -9   1815     11
  -700    -12   1827     13
  -701    -10   1843      7
  -693     -9   1843      7
  -690    -13   1835      5
  -692    -14   1823      8
  -705    -11   1809      7
  -706    -12   1802     10
  -712    -11   1796     10
  -704    -10   1815      9
  -705    -10   1829      8
  -704     -6   1832     12
  -976    -98   1546     48
  -804    -28   1718    179
  -623     24   1890    139
  -546     21   1953     80
  -514     22   1978     41
  -500      5   1976     23
  -572      0   1928     10
  -655     -4   1849    -27
  -697     -9   1814    -53
  -736    -12   1785    -57
  -766    -15   1767    -44
  -757    -18   1766    -25
  -744    -14   1783     -9
  -717    -16   1798      5
  -698    -14   1811     13
  -693    -12   1816      9
  -693    -10   1821      7
  -682    -12   1840      8
  -681     -9   1839     10
  -677     -7   1840     14
  -664     -5   1856     11
  -651     -5   1867      8
  -647    -11   1876      3
  -683     -7   1848    -14
  -713    -11   1797    -22
  -740    -18   1771     -6
  -735    -15   1771      5
  -723    -11   1789      5
  -704     -7   1806      9
  -690    -11   1825     11
  -680    -11   1837     10
  -667     -9   1852     11
  -682     -7   1835      7
  -688     -9   1836      7
  -704     -8   1814      9
  -718    -10   1808      9
  -719    -15   1796      9
  -712    -11   1806      7
  -698    -11   1824     10
  -684    -12   1839     10
  -684    -11   1855      6
  -680    -12   1857      6
  -688    -13   1841      6
  -703    -10   1822      5
  -711    -11   1803      6
  -722    -10   1800      5
  -715    -13   1803      7
  -702    -11   1807      5
  -692     -8   1817      7
  -689    -15   1825      9
  -685    -12   1819     11
  -697     -6   1814      7
  -709    -11   1817      8
  -714    -13   1837      5
  -709     -9   1844      4
  -702    -10   1846      5
  -694    -11   1836      5
  -699    -10   1815      7
  -693    -11   1800      8
  -697    -12   1788      9
  -702    -10   1795      8
  -707     -9   1812      3
  -697     -7   1840      5
  -692     -6   1861      9
  -683     -9   1859      6
  -680    -12   1838      8
  -685    -11   1811     11
  -700    -11   1780     12
  -708    -13   1787     10
  -712    -14   1802      8
  -697    -13   1830      6
  -691    -12   1857      7
  -682     -7   1857     10
  -684     -4   1846     12
  -682     -9   1817     11
  -693    -10   1797     11
  -700    -12   1787     11
  -713    -13   1798     10
  -708    -13   1817      9
  -704    -12   1845     10
  -690     -9   1856     14
  -684     -8   1857     10
  -674     -9   1853      9
  -673     -9   1843      6
  -672     -8   1828      4
  -681     -9   1799      8
  -694    -12   1790      9
  -708     -9   1792      9
  -708    -15   1806     11
  -705    -13   1828      9
  -695    -11   1851     10
  -689    -11   1861     11
  -676    -12   1860      7
  -673    -10   1848      7
  -678    -13   1836      3
  -688    -12   1813      8
  -697    -12   1792      4
  -709    -12   1783      8
  -709     -8   1797      8
  -697     -8   1815     11
  -689    -11   1824     12
  -685    -14   1837     12
  -685    -12   1845     10
  -681     -5   1856     10
  -723     -2   1816     28
  -731    -26   1791     12
  -695     -9   1816     16
  -669    -15   1831     15
  -649    -12   1854      6
  -583     -3   1911     -4
  -616     -6   1882     -5
  -697     -6   1814      7
  -737     -8   1781      6
  -740    -11   1779      7
  -734    -10   1789      4
  -710    -12   1808      6
  -684     -7   1835      6
  -668    -12   1843      8
  -662    -11   1852      9
  -668     -9   1845     11
  -684     -7   1824      9
  -692    -11   1810      9
  -690     -1   1791     18
  -656      2   1730     47
  -707    -17   1693     38
  -806    -31   1798      0
  -742    -14   1961    -15
  -631     -6   2031      3
  -614     -7   1961     15
  -639    -11   1836     14
  -687    -11   1779     15
  -696    -15   1757     12
  -710    -11   1722     -1
  -737    -12   1715     -2
  -724     -7   1766      6
  -698     -7   1837     14
  -685     -4   1890     17
  -656    -10   1891     21
  -668    -14   1844     24
  -699    -17   1794     20
  -716    -17   1780     17
  -722    -12   1798     16
  -695     -5   1829     15
  -668    -10   1856     16
  -651    -14   1867     14
  -650    -13   1882      9
  -667    -15   1877      6
  -682    -13   1848      5
  -698     -8   1808      6
  -715    -13   1783      7
  -720    -13   1781     11
  -697    -14   1800     12
  -668    -12   1813     13
  -667     -9   1821      4
  -676    -11   1837      4
  -686     -9   1857      9
  -684    -10   1863      9
  -691    -10   1839     10
  -705    -12   1809      0
  -713    -10   1810    -13
  -708     -9   1826    -21
  -697     -9   1827    -24
  -696     -3   1829    -25
  -693    -12   1818    -16
  -698    -16   1799    -17
  -720    -17   1804    -12
  -715    -17   1812      2
  -713     -8   1825     10
  -703     -3   1822     10
  -707     -7   1822     12
  -685    -14   1824     11
  -697    -14   1827      5
  -700    -13   1831      5
  -696    -10   1830     10
  -699    -10   1821      9
  -715    -14   1812      9
  -698    -13   1820      9
  -698    -11   1818     10
  -708    -13   1813      8
  -704    -10   1822      7
  -695    -13   1842      3
  -696    -16   1853      2
  -683    -14   1846      0
  -696    -12   1823      4
  -710    -11   1804      8
  -722    -11   1792     11
  -741    -13   1773     17
  -703    -14   1801      9
  -717    -15   1793     14
  -647     -6   1873      1
  -645     -5   1891      8
  -674    -13   1862     11
  -689    -12   1820     13
  -709    -14   1784      8
  -731     -8   1783      9
  -707    -12   1809     11
  -707    -12   1809     11
  -698     -9   1830     11
  -688    -12   1848     13
  -680     -8   1854     12
  -680    -15   1849      9
  -695    -14   1836      9
  -696    -16   1841      3
  -697    -14   1835      7
  -701    -15   1818      3
  -708    -11   1802      4
  -702    -10   1809      4
  -698     -9   1813      3
  -695    -11   1809      8
  -701    -13   1812      7
  -702    -11   1823      4
  -701    -14   1824     11
  -679    -12   1838      9
  -681    -12   1836     11
  -708    -11   1804     16
  -741    -17   1772     16
  -647     -9   1855      2
  -656     -9   1856     10
  -689    -11   1828     15
  -672    -13   1840     14
  -693    -14   1814     11
  -723    -13   1798     13
  -730    -15   1796     12
  -740    -19   1783     17
  -652    -11   1860      2
  -609     -6   1905     -2
  -639    -11   1870     10
  -667    -13   1826     14
  -698    -13   1786      8
  -719    -14   1783      7
  -725    -15   1807      7
  -699    -14   1831      7
  -690     -9   1851      8
  -672     -6   1859      6
  -670     -6   1851      8
  -672    -13   1838      8
  -684    -13   1808      8
  -698    -12   1790      8
  -713    -13   1794      3
  -693     -9   1831      4
  -681    -13   1846      5
  -677    -17   1855      9
  -688    -14   1848      7
  -679     -9   1834      7
  -675     -5   1823      8
  -681    -10   1804      8
  -690    -12   1793      7
  -692    -14   1800     12
  -693    -12   1812     12
  -683    -15   1828     11
  -681    -13   1840     12
  -680    -14   1851      8
  -681    -11   1854      6
  -676    -12   1848      8
  -681     -8   1834     10
  -677     -9   1826     10
  -686    -10   1807     10
  -687    -10   1807     11
  -689    -12   1812     11
  -691    -15   1821      9
  -688    -10   1837      9
  -681    -13   1844     10
  -678    -14   1849     11
  -685    -15   1849      9
  -684     -8   1831      8
  -686     -9   1828      9
  -689     -7   1819      7
  -687    -10   1813      7
  -692    -14   1813      7
  -692    -15   1816      6
  -690    -13   1824      6
  -690    -13   1834      7
  -683    -12   1827      7
  -685    -12   1837      5
  -688    -11   1844      6
  -685    -11   1843      4
  -694    -12   1830      6
  -685    -11   1807      7
  -690    -13   1799      9
  -700    -13   1796     10
  -700    -14   1806      8
  -702     -9   1830      6
  -690    -12   1838      4
  -689    -13   1845      8
  -676    -12   1845      9
  -671    -13   1833     10
  -675    -13   1813     13
  -683    -16   1803     11
  -687    -13   1799     12
  -700    -12   1808     10
  -699    -15   1826     14
  -698     -9   1847     11
  -675    -12   1866     12
  -658     -7   1861      9
  -650    -11   1840     10
  -660    -11   1814     12
  -678    -13   1798     12
  -688    -12   1795     10
  -692    -15   1812      8
  -689    -11   1833     11
  -678    -16   1848     13
  -684    -17   1855      9
  -670    -17   1859      9
  -671    -12   1840      9
  -678    -14   1825      6
  -691    -16   1824     -3
  -696    -19   1851     -7
  -696    -16   1875    -14
  -689    -18   1902    -18
  -678    -12   1896    -19
  -665     -9   1874    -14
  -660     -5   1822     -5
  -655     -3   1746      0
  -673     -7   1696      8
  -694     -9   1702      8
  -710    -11   1763      5
  -690    -12   1839      7
  -676     -6   1897      6
  -665    -11   1920      3
  -663    -12   1913      7
  -662    -14   1877      8
  -676    -16   1820      8
  -701    -19   1773      6
  -715    -15   1756      0
  -710     -9   1784      0
  -696     -4   1817      3
  -675     -7   1848      4
  -664     -9   1857      8
  -671    -13   1852      7
  -668    -12   1849      5
  -677    -10   1833      6
  -682    -11   1819      6
  -688    -13   1810      2
  -695    -14   1810      8
  -686    -15   1819      8
  -678     -9   1827      5
  -665     -6   1834      6
  -667    -10   1830      7
  -668    -10   1836      5
  -673    -11   1837      6
  -665    -11   1849      9
  -663    -12   1854      4
  -673    -14   1853      5
  -676    -10   1847      3
  -669    -13   1840      0
  -659    -11   1841      5
  -654     -9   1823      6
  -657    -11   1811      8
  -676    -12   1806      3
  -679    -10   1823      4
  -672     -9   1837      4
  -657     -9   1846      9
  -659    -12   1844      9
  -658    -14   1837     11
  -670    -14   1835      6
  -675    -11   1839      4
  -674    -12   1842      0
  -668    -11   1846      2
  -671    -12   1841      3
  -671     -9   1834      3
  -665    -10   1830      6
  -666    -11   1832      2
  -659    -13   1828      2
  -660    -12   1826      3
  -664    -10   1827      2
  -666    -11   1823      6
  -674     -8   1819      8
  -685    -11   1813     10
  -678    -14   1826      6
  -667    -12   1843      7
  -660     -9   1853      6
  -660    -13   1848      5
  -672    -13   1841      3
  -677    -11   1841      5
  -678    -10   1839      7
  -675     -9   1828      4
  -679     -7   1825      4
  -677     -9   1822      5
  -664     -7   1816      8
  -664    -10   1823      7
  -672     -9   1821      8
  -672    -12   1832      8
  -679    -10   1841      6
  -677    -11   1843      3
  -673    -13   1839      6
  -672    -13   1831      9
  -674     -9   1821      8
  -671     -8   1831      5
  -666     -6   1820     10
  -674     -9   1810     10
  -691     -8   1819      7
  -683    -11   1843      4
  -668    -10   1842     10
  -667    -12   1836      8
  -674    -12   1836      7
  -669    -12   1847      6
  -670    -11   1849      6
  -666    -10   1837      7
  -676    -10   1821      7
  -677     -9   1816      8
  -680    -12   1816     13
  -689    -12   1814     11
  -683    -16   1826     11
  -677    -14   1851     14
  -662    -12   1860     19
  -660     -3   1849     19
  -667     -4   1833     14
  -682     -6   1820     12
  -689    -13   1809     10
  -691     -9   1813      9
  -684    -11   1816     11
  -681     -9   1831     11
  -670     -9   1848     10
  -658     -6   1852      9
  -655    -11   1840     10
  -665    -12   1829     12
  -674     -9   1814     10
  -690     -6   1813     10
  -688     -6   1815     11
  -689     -7   1825      8
  -681    -12   1841     10
  -675    -10   1849     11
  -661    -11   1849     10
  -661    -12   1847     10
  -662    -10   1841     10
  -670     -9   1831      7
  -674    -10   1818     11
  -678    -12   1805     12
  -688    -11   1809      8
  -683    -10   1820      8
  -666    -10   1844      8
  -659    -11   1856      7
  -658    -13   1859      4
  -660     -8   1851      7
  -658     -9   1844      8
  -667    -12   1834      7
  -680    -12   1828      5
  -673    -13   1815      7
  -671     -7   1815      7
  -669     -5   1831      4
  -656     -7   1848      6
  -653     -9   1858      7
  -657    -13   1850      5
  -669     -9   1837      5
  -675     -9   1828      3
  -683    -11   1823      4
  -673     -7   1832      2
  -675     -4   1832      3
  -664     -8   1832      6
  -660     -7   1837      6
  -655    -10   1839      4
  -659     -9   1835      6
  -669    -11   1835      4
  -681    -12   1831      0
  -680    -12   1840      1
  -672     -9   1841      1
  -674     -9   1838      3
  -667    -12   1835      5
  -670    -14   1833      3
  -673    -10   1834      4
  -670     -9   1843      1
  -678    -10   1841     -1
  -674     -9   1849      0
  -672     -8   1841      3
  -672     -8   1817      4
  -682     -9   1806      2
  -683    -11   1800     -2
  -687    -13   1824     -1
  -696    -17   1871     -3
  -687    -15   1911     -3
  -670    -10   1935     -7
  -655     -3   1914     -8
  -650      2   1849     -8
  -659      1   1751      0
  -695     -8   1683      4
  -729    -14   1692     -3
  -717    -11   1758     -6
  -685    -16   1825     -2
  -675     -9   1875      3
  -658     -5   1911     11
  -641     -2   1923     12
  -625      4   1874     14
  -656     -1   1782     14
  -703     -9   1712      6
  -744    -13   1709      8
  -730     -9   1777      6
  -702    -11   1853      4
  -668     -7   1903      8
  -637     -2   1916     11
  -625     -3   1890     15
  -651     -9   1838     12
  -680    -12   1781     11
  -709    -11   1755      9
  -720     -7   1769      5
  -712     -2   1811      6
  -687     -4   1859      8
  -665     -2   1885      8
  -648     -2   1881      9
  -651     -5   1850      8
  -666     -8   1810     12
  -691    -10   1788     10
  -697    -13   1798      8
  -697    -10   1818      7
  -682     -6   1834      6
  -679     -4   1847     10
  -669     -3   1848      9
  -676     -8   1847      8
  -677     -8   1853      7
  -662     -5   1827      9
  -673     -7   1797     10
  -696     -9   1793      9
  -699    -11   1816      6
  -679     -5   1854      3
  -667     -6   1864      6
  -662     -7   1848     10
  -659     -4   1836      9
  -671     -4   1823     12
  -684     -4   1822      8
  -685     -8   1824      9
  -676     -5   1830      4
  -672     -2   1820      7
  -680     -6   1820      9
  -683     -9   1820     10
  -683     -6   1837      5
  -671     -6   1846      5
  -667     -9   1849      6
  -664    -11   1838     10
  -674     -7   1828      9
  -690     -6   1820      9
  -690     -4   1817      4
  -684     -4   1816      7
  -680     -6   1817      7
  -676     -7   1822      6
  -673     -4   1834      7
  -662     -5   1850     11
  -665     -8   1847      8
  -671     -9   1835      6
  -684     -9   1829      3
  -682     -7   1811      8
  -687     -8   1807      7
  -687     -8   1818      5
  -681     -6   1840      5
  -663     -5   1851      8
  -663     -5   1849      8
  -666     -7   1838      9
  -677     -7   1827      7
  -685     -6   1818      7
  -688     -7   1817      7
  -690    -10   1818      9
  -684     -9   1825      5
  -669     -7   1840      4
  -666     -4   1846      4
  -658     -3   1829      9
  -683    -12   1824      8
  -684    -12   1827      6
  -681     -6   1829     10
  -680    -10   1831     10
  -686    -10   1830      8
  -679     -5   1832      7
  -678     -6   1837      8
  -673     -8   1836     11
  -675     -5   1825      8
  -664     -7   1822      7
  -680     -6   1824     11
  -682    -10   1828      7
  -685     -8   1833      9
  -680     -6   1837     10
  -682     -6   1831     10
  -676     -7   1825      9
  -677     -8   1829      5
  -673     -9   1837      4
  -673     -7   1837      6
  -670     -8   1836      7
  -676     -5   1826      6
  -680     -5   1823      5
  -684     -9   1816      7
  -684     -9   1827      8
  -681     -4   1830      7
  -669     -7   1841     10
  -665     -7   1837      8
  -670     -7   1837      7
  -673     -7   1827      7
  -682     -9   1823      7
  -687     -7   1824      6
  -685     -6   1826      7
  -674     -7   1826      7
  -679    -12   1832      6
  -674     -8   1832      6
  -676     -6   1833      8
  -681     -5   1830      7
  -683     -5   1838     10
  -671     -7   1832      9
  -678     -7   1828      5
  -685     -6   1824      3
  -689     -5   1830      4
  -676     -5   1827      7
  -681     -8   1832      5
  -673     -8   1837      7
  -676     -5   1842      8
  -669     -6   1825      8
  -682     -2   1807     -1
  -688     -9   1820     -6
  -688    -12   1828      1
  -680    -11   1832      7
  -677     -8   1838      0
  -671    -10   1833      2
  -672     -6   1835      8
  -667     -6   1835      5
  -669     -7   1830      2
  -672     -3   1827      0
  -669     -8   1823      0
  -675    -10   1830      6
  -676     -9   1833      5
  -674    -10   1840      5
  -672     -6   1843      7
  -663     -6   1835      8
  -662     -8   1836      7
  -663     -5   1830      7
  -666     -9   1834      5
  -666     -6   1838      7
  -666     -8   1834      9
  -678     -9   1818      8
  -676     -8   1832      7
  -663     -5   1843      6
  -655     -4   1847      7
  -648     -8   1843      5
  -662     -8   1835      6
  -670     -9   1828      3
  -679     -9   1819      4
  -690    -12   1813      8
  -701    -12   1815     12
  -689    -10   1829     18
  -678     -7   1840     20
  -669      0   1836     17
  -673     -3   1827     15
  -675     -6   1829     12
  -676     -7   1821      9
  -688     -6   1824     12
  -693     -5   1818     11
  -698     -2   1822     11
  -690     -7   1825      9
  -687     -7   1828     12
  -681     -7   1825     10
  -678    -11   1831      8
  -672     -9   1832      8
  -672     -8   1836      7
  -667     -8   1836      6
  -669     -9   1836      6
  -674     -7   1833      5
  -681     -8   1832      3
  -681     -8   1830      4
  -686     -9   1831      3
  -671     -6   1830      6
  -668     -4   1835      7
  -663     -5   1836      7
  -667     -8   1833      7
  -665    -11   1832      5
  -672     -9   1832      6
  -672     -5   1827      7
  -681     -7   1830      4
  -674     -8   1834      8
  -674     -7   1836      8
  -670     -8   1828      9
  -672     -6   1823      8
  -673     -6   1823      8
  -680     -6   1823      7
  -679     -7   1833      8
  -680     -5   1844      7
  -670     -4   1846      6
  -666     -5   1840      6
  -665     -5   1828      8
  -677     -9   1815      7
  -682     -6   1820      7
  -678     -6   1827      5
  -671     -5   1838      5
  -665     -5   1845      7
  -664     -7   1843      6
  -666     -7   1833     11
  -670     -9   1828      8
  -683     -9   1822      9
  -680    -11   1826      9
  -678     -5   1830      5
  -666     -4   1838      7
  -663     -7   1846      6
  -653     -9   1843      5
  -664     -4   1838      4
  -675     -9   1828      7
  -681     -7   1820      5
  -688     -7   1818      5
  -688     -8   1817      5
  -685    -10   1824      5
  -671    -12   1837      3
  -660     -7   1847      7
  -658     -3   1847      6
  -659     -7   1841      6
  -663     -5   1835      5
  -672     -9   1831      6
  -682     -7   1823      7
  -687    -11   1821      5
  -683     -9   1822      7
  -682     -9   1824      7
  -678     -5   1825      5
  -674     -8   1834      7
  -672     -9   1841     11
  -665     -5   1847     10
  -661     -5   1837      9
  -662     -3   1833     10
  -671     -5   1823     11
  -679     -8   1822     10
  -685     -6   1820      8
  -679     -6   1826     11
  -678     -6   1831      9
  -677     -8   1840      9
  -674     -5   1838     10
  -675     -3   1832      8
  -671     -1   1822     10
  -673     -3   1817     11
  -671     -9   1824     12
  -676    -11   1830     10
  -672    -10   1833     13
  -676     -9   1842      9
  -671     -3   1839     14
  -671     -3   1836     15
  -677     -3   1826     14
  -681     -2   1818     12
  -676      0   1819     13
  -675     -4   1827     10
  -670     -9   1831      8
  -675     -7   1834     11
  -676     -9   1834     11
  -680     -7   1838     10
  -675     -9   1836     12
  -674     -4   1831      9
  -682     -3   1833     10
  -682     -6   1824      9
  -676     -6   1822      9
  -676     -7   1819      9
  -677     -7   1822      9
  -675     -6   1835      7
  -669     -8   1843     10
  -670     -9   1836     11
  -667     -6   1832      9
  -676     -5   1825      9
  -674     -4   1826      8
  -677     -6   1830      5
  -678     -5   1830      9
  -681     -5   1831      8
  -677     -8   1833      8
  -678     -5   1830      8
  -677    -10   1823      6
  -672    -10   1832      9
  -654     -6   1839     12
  -656     -6   1835     10
  -660     -5   1831      9
  -674     -5   1830     12
  -683     -8   1833      9
  -677     -7   1828      8
  -666     -9   1831     10
  -658     -9   1833     12
  -653     -6   1839      8
  -650     -3   1845      8
  -643     -6   1851      8
  -647     -4   1846      8
  -659     -7   1842      9
  -659     -5   1837      8
  -658    -11   1840      6
  -654     -6   1837      7
  -654     -6   1838      7
  -652     -7   1836      9
  -657     -6   1838      7
  -650     -9   1842      8
  -653     -8   1847      9
  -654     -6   1841     10
  -661     -3   1837     11
  -660     -7   1829     12
  -659     -5   1832     13
  -652     -9   1834      9
  -660    -11   1828      8
  -663     -8   1829      9
  -666     -3   1838     14
  -653     -1   1847     12
  -660      0   1849      8
  -653     -7   1850     11
  -651     -3   1845      9
  -643     -6   1830     11
  -652     -5   1817     13
  -658    -11   1813      9
  -672    -12   1828      6
  -653     -6   1860      3
  -651     -7   1872      5
  -644     -4   1866      7
  -645     -4   1848     10
  -650     -6   1828      8
  -657     -4   1812     11
  -663    -10   1798      8
  -674     -6   1812      4
  -662    -10   1840      8
  -658    -12   1862     12
  -647     -4   1874     14
  -643      0   1868     13
  -642      0   1849      9
  -655     -6   1828     10
  -663     -7   1811      8
  -670     -6   1809      8
  -666     -8   1815      8
  -668    -11   1833      7
  -652     -8   1849      6
  -648     -1   1855     10
  -650     -3   1849      9
  -659     -7   1834     11
  -659     -6   1829      7
  -660     -7   1828      8
  -659     -6   1835      5
  -658     -5   1839      6
  -657     -7   1840      6
  -655     -4   1843      7
  -654     -6   1842     10
  -653     -4   1841      6
  -660     -5   1837      6
  -660     -4   1833      7
  -656     -6   1837     10
  -656     -7   1834      8
  -659     -4   1838      6
  -657     -6   1839      9
  -654     -8   1841      7
  -652     -8   1838     10
  -657     -7   1842      5
  -657     -6   1841      6
  -655     -7   1835      5
  -652     -5   1837      7
  -660     -6   1834      6
  -666     -4   1842      5
  -664     -4   1844      3
  -655     -6   1838      5
  -655     -5   1833      7
  -659     -6   1829      8
  -655     -6   1833      9
  -655     -4   1847     10
  -655     -4   1843     10
  -656     -4   1839      9
  -663     -6   1832      6
  -661     -7   1834      9
  -659     -9   1828      8
  -666     -6   1828      8
  -663     -4   1826      9
  -654     -4   1833      4
  -655     -4   1849      7
  -647     -3   1844     10
  -658     -6   1851      5
  -656     -9   1840      9
  -661     -6   1829     10
  -664     -6   1821      5
  -664     -6   1821      8
  -660     -7   1838      8
  -652     -5   1845      9
  -652     -5   1850      8
  -654     -3   1852      7
  -655     -6   1846      5
  -660     -4   1834      7
  -658      0   1820     11
  -667     -5   1804      9
  -684    -10   1824      9
  -670    -14   1854      3
  -658     -7   1871      5
  -643     -2   1869      8
  -637     -1   1849      8
  -644     -1   1826      9
  -653     -7   1806     10
  -672     -9   1807      9
  -677     -5   1816      4
  -667     -9   1837      5
  -652     -8   1857      5
  -645     -7   1870      8
  -635     -5   1865      7
  -647     -4   1846     11
  -657     -8   1817      7
  -665     -6   1804     10
  -664     -8   1808      8
  -665     -2   1829      7
  -656     -1   1854      7
  -645     -4   1861      9
  -645    -11   1855      7
  -644     -5   1839     10
  -651     -5   1831      9
  -659     -7   1822      8
  -666     -6   1822      9
  -667     -7   1829      5
  -663     -6   1839      7
  -657     -5   1841      8
  -659     -8   1845      4
  -656     -3   1843      7
  -654     -5   1837     10
  -656     -5   1828      9
  -660     -7   1827      8
  -660     -4   1831     10
  -663     -6   1840      9
  -660     -3   1844      8
  -656     -6   1855      9
  -649     -5   1850      8
  -651     -9   1838      7
  -653     -8   1829      7
  -658     -9   1816      4
  -666    -11   1819      6
  -670     -9   1831      8
  -661     -3   1849      7
  -653     -5   1861     10
  -642     -8   1862      7
  -645     -6   1851      8
  -653     -5   1833      8
  -661     -6   1823      6
  -664     -8   1820      8
  -661     -6   1828      7
  -655     -6   1827      7
  -660     -4   1839      4
  -656     -8   1845      8
  -656     -6   1851      7
  -655     -5   1849      8
  -659     -1   1842      6
  -657     -8   1835      9
  -662     -6   1829      9
  -660     -9   1830      8
  -655     -9   1830      8
  -661     -7   1832      5
  -662     -6   1837      7
  -655     -5   1848     10
  -648     -6   1844     11
  -649     -6   1840      9
  -652     -9   1837     13
  -654     -6   1839      9
  -657     -6   1828      7
  -661     -6   1834      7
  -667     -5   1834      6
  -662     -1   1841      5
  -662     -1   1840      4
  -654     -4   1832     10
  -652     -6   1832     10
  -656    -10   1833      8
  -659     -8   1840      7
  -658     -6   1838      6
  -661    -10   1845      7
  -654     -8   1838      7
  -660     -5   1836      9
  -660     -4   1835      8
  -658     -7   1831      5
  -660     -6   1829      6
  -659     -5   1836      7
  -656     -6   1842      6
  -654    -10   1844      9
  -653    -11   1838     11
  -661    -10   1831      8
  -661     -7   1829      8
  -661     -7   1834      6
  -658     -3   1836      8
  -655     -5   1840      6
  -650     -6   1844      7
  -652     -9   1841      6
  -658     -7   1834      5
  -660     -7   1829      8
  -666     -8   1833      6
  -666    -10   1833      6
  -669     -9   1837      7
  -656     -1   1845      4
  -658     -3   1841      6
  -657     -5   1838      9
  -657     -9   1838      5
  -658     -5   1836      8
  -660     -7   1829      5
  -657     -3   1831      6
  -658     -3   1839      8
  -647     -2   1845      5
  -657     -6   1843      6
  -657     -5   1844      7
  -658     -4   1836      5
  -654     -3   1829      8
  -664     -6   1823      9
  -667     -8   1829      6
  -664     -4   1833      5
  -663     -5   1838      8
  -660     -7   1840      5
  -658     -5   1842      6
  -658     -5   1841      7
  -651     -4   1844      7
  -656     -2   1841      7
  -658     -1   1830      7
  -659     -2   1823      3
  -657     -6   1827      3
  -662     -9   1832      3
  -662     -8   1839      3
  -654     -4   1846      1
  -651     -4   1848      4
  -647     -4   1844      2
  -653     -8   1838     -2
  -664     -7   1831     -2
  -664    -10   1825      0
  -669     -9   1831      4
  -659     -6   1834      4
  -656     -7   1841      5
  -650     -8   1845      4
  -651     -5   1843      0
  -656     -5   1840      3
  -654     -3   1837      2
  -663     -9   1840      0
  -659     -8   1836      1
  -654     -6   1836      0
  -657     -3   1833      1
  -656     -8   1838      3
  -654    -13   1836      5
  -650     -9   1842      8
  -650     -7   1842      8
  -645     -7   1848      6
  -648     -7   1847      6
  -654     -6   1848      7
  -655     -7   1838      8
  -657     -7   1829      8
  -658     -6   1831      6
  -656     -9   1837      7
  -648     -9   1839      6
  -652    -11   1842      7
  -655     -8   1843      6
  -659     -7   1842      7
  -659     -3   1840      3
  -664     -3   1829      9
  -663     -5   1826      9
  -662     -6   1834      9
  -652     -4   1843      8
  -647    -10   1846      6
  -648     -4   1847      3
  -657     -3   1846      1
  -655     -8   1836      1
  -663     -7   1835      1
  -659     -6   1832      3
  -659     -7   1832      2
  -657    -10   1829      5
  -661    -11   1842      5
  -657     -8   1847      8
  -651    -11   1855      7
  -648     -7   1844      6
  -655     -5   1829     10
  -653     -9   1817      8
  -667     -9   1821      7
  -669     -8   1833      7
  -658     -4   1848      7
  -645     -6   1857      6
  -649     -6   1854     10
  -651     -9   1849      9
  -660     -7   1834     10
  -661    -10   1824      5
  -667     -7   1820      4
  -662     -4   1825      7
  -657     -5   1835      7
  -656    -10   1852      6
  -660     -6   1856      7
  -659     -5   1845      6
  -661    -10   1841      6
  -653     -5   1837      7
  -652     -2   1832      8
  -651     -6   1831      8
  -655     -5   1829      9
  -657     -3   1836      6
  -659     -6   1841      5
  -654     -5   1849      5
  -655     -7   1847      8
  -660    -11   1840      5
  -658     -7   1835      9
  -663     -5   1826      7
  -666     -6   1823      7
  -666     -6   1828      7
  -661     -8   1841     12
  -657     -7   1842      8
  -656     -8   1847      8
  -656     -4   1844      7
  -658     -2   1837      8
  -664     -9   1832      8
  -669     -9   1818     10
  -670     -7   1822      7
  -660     -3   1833      8
  -650     -4   1846      7
  -645     -5   1849      6
  -649     -8   1850      5
  -654     -8   1852      6
  -663     -8   1839      5
  -660     -7   1830      5
  -667     -6   1820      7
  -667     -9   1828      7
  -660     -9   1840      6
  -652     -4   1841      9
  -652     -8   1842      7
  -651     -4   1845      9
  -647     -4   1841      9
  -649     -7   1837     10
  -655    -11   1834      9
  -652    -10   1836      8
  -652     -5   1843      7
  -650     -4   1834      6
  -653     -5   1842      6
  -649     -4   1839      7
  -650     -5   1846      6
  -646     -7   1844      5
  -653     -5   1841      5
  -657     -8   1835      9
  -659     -5   1840     11
  -647     -6   1844      7
  -648     -8   1842      5
  -652     -4   1843      7
  -655     -6   1843     10
  -647     -7   1845      9
  -645     -8   1842      5
  -656     -5   1836      5
  -655    -11   1834      6
  -655     -7   1834      6
  -658     -9   1831      6
  -662     -8   1836      5
  -664     -5   1836      7
  -658     -9   1834     10
  -652     -3   1835     10
  -653     -7   1837     13
  -655     -2   1838     13
  -657     -4   1846     14
  -655     -4   1848     11
  -660     -7   1842     10
  -664     -8   1835     10
  -664     -5   1834     13
  -664     -3   1832     11
  -670     -2   1829     12
  -666     -7   1834      9
  -664     -6   1831     10
  -665    -12   1840     10
  -651    -11   1845     11
  -651     -4   1844     11
  -648     -4   1842     12
  -658     -5   1839     10
  -665     -8   1836      8
  -664     -7   1828     11
  -665     -3   1826     11
  -665     -4   1833      9
  -664     -4   1841      6
  -656     -6   1844      7
  -655     -6   1848      7
  -651     -5   1838      9
  -646     -7   1836      8
  -649     -8   1834      7
  -659    -12   1834     10
  -657    -10   1836      7
  -661     -5   1839     11
  -658     -5   1847      9
  -661    -11   1846      8
  -656     -2   1846     11
  -655     -5   1836     10
  -658     -5   1826      9
  -657     -4   1823      9
  -653     -6   1827      7
  -655     -7   1834      6
  -651     -3   1843      8
  -650     -2   1851      5
  -650     -4   1855      8
  -652     -6   1842      7
  -656     -8   1832      9
  -662     -7   1826      9
  -655     -6   1824      7
  -659     -5   1831      7
  -646     -8   1841      9
  -643     -4   1850      6
  -641     -3   1845     10
  -647     -6   1848      7
  -655     -9   1838      5
  -657     -5   1830      9
  -659     -6   1832     10
  -658     -7   1830      7
  -650     -8   1831      9
  -656     -4   1838      8
  -660     -5   1840     10
  -652     -4   1847      9
  -647     -6   1844      8
  -649     -5   1840      7
  -649     -4   1837     10
  -657    -10   1832      9
  -658     -8   1833      5
  -662     -3   1836      6
  -657     -8   1837      5
  -654    -10   1836      6
  -657     -7   1836      8
  -658     -7   1843      8
  -650     -4   1844     10
  -648     -5   1845      9
  -645     -5   1841      6
  -656     -4   1839      5
  -657     -5   1840      9
  -659     -5   1840      8
  -659     -7   1835      9
  -659     -7   1833      9
  -662     -7   1835     11
  -662     -3   1838      7
  -656     -2   1838      5
  -656     -5   1837      6
  -651     -9   1844      6
  -648     -7   1847      7
  -648     -6   1842      5
  -657     -4   1836      6
  -666    -10   1832      7
  -671     -5   1831      9
  -669     -4   1831      7
  -662     -4   1833      8
  -657     -7   1839      6
  -654     -5   1845      6
  -650     -6   1844      5
  -650     -5   1835      8
  -662     -6   1834      9
  -661     -9   1839      7
  -657    -10   1833      8
  -656     -7   1827      9
  -660     -6   1830      8
  -658     -6   1833      7
  -652     -5   1854      7
  -643     -5   1859      5
  -646     -6   1852      8
  -645     -6   1841     10
  -658     -6   1831      9
  -661     -5   1830      7
  -656     -5   1823      7
  -659     -6   1828      8
  -661     -8   1835      8
  -648     -4   1846      9
  -648     -7   1855      6
  -646     -7   1858      8
  -648     -3   1845      7
  -659     -7   1842      8
  -663     -9   1835      6
  -662     -6   1838      4
  -665     -4   1836      5
  -657     -2   1853      7
  -654     -7   1865      3
  -644     -5   1859      1
  -643     -4   1842      5
  -648     -5   1820      5
  -659     -5   1803      6
  -663     -8   1799      4
  -668     -5   1806      5
  -665     -4   1821      7
  -657     -5   1842      5
  -648     -2   1859      8
  -642     -7   1862      9
  -640     -4   1855      9
  -645     -5   1840      9
  -655     -7   1829     11
  -663     -9   1822     10
  -656     -7   1826      3
  -650     -6   1839     -4
  -641     -9   1858      0
  -633     -6   1861      6
  -630     -6   1865      6
  -634     -7   1845      5
  -646     -8   1836      5
  -656     -6   1830      6
  -661     -9   1832      5
  -664     -9   1833      5
  -659     -6   1839      4
  -663     -9   1828      3
  -682     -9   1811     -1
  -667     -3   1818     10
  -641     -8   1844     18
  -629     -4   1871     15
  -637     -7   1873      9
  -632     -6   1875     10
  -636     -6   1850      9
  -664     -6   1819     12
  -664     -6   1821      8
  -669     -6   1822      6
  -683     -6   1819      6
  -681     -7   1824      9
  -675     -6   1831      8
  -669     -6   1840     10
  -665     -8   1842     10
  -657     -9   1836     10
  -653     -9   1833     10
  -655    -10   1832      7
  -668     -6   1829      6
  -666     -7   1834      7
  -666     -5   1842      3
  -665     -4   1844      7
  -663     -3   1842      9
  -661     -5   1832      9
  -679     -7   1818     12
  -677     -6   1811      9
  -670     -8   1827      8
  -646    -11   1848      8
  -627     -7   1866      5
  -629     -3   1869      5
  -644     -7   1853      7
  -660     -7   1832      5
  -681     -9   1813      4
  -684     -8   1809      6
  -679     -5   1817      9
  -662     -6   1828     11
  -652     -4   1845      6
  -643     -7   1853      7
  -637     -3   1857      5
  -636     -4   1850     10
  -653     -4   1838     10
  -664     -6   1831      6
  -673     -9   1825      9
  -663     -7   1821      6
  -664     -7   1829      7
  -656     -6   1845      8
  -646     -6   1853      7
  -652     -7   1847      6
  -657     -7   1835      7
  -660     -6   1833      6
  -670     -5   1829     10
  -671     -5   1832      9
  -672     -6   1834      8
  -660     -5   1840      8
  -654     -4   1843      8
  -645     -6   1844      6
  -644     -6   1844      7
  -646     -5   1841      6
  -660     -4   1837      4
  -668    -10   1831      5
  -672     -5   1822      7
  -678     -6   1825      7
  -672     -7   1832      6
  -654     -5   1843      9
  -647    -10   1844      8
  -645     -5   1847     10
  -646     -4   1844      7
  -656     -5   1834      8
  -679     -9   1818     15
  -676     -8   1813     18
  -674    -10   1825     15
  -659     -9   1853      7
  -637     -5   1878      6
  -627     -5   1874      4
  -640     -8   1853      4
  -654     -8   1835      4
  -671     -4   1812      6
  -682     -7   1800      2
  -680     -3   1808      4
  -669     -6   1831      2
  -663     -6   1845      6
  -657    -10   1857      3
  -653     -9   1852      2
  -651     -7   1846      8
  -656     -9   1831      7
  -666    -11   1819      5
  -672     -7   1821      2
  -678     -8   1825      1
  -679     -3   1832      4
  -681     -7   1837      7
  -667     -3   1839      9
  -668     -8   1838      8
  -664     -7   1834     11
  -670     -7   1824      8
  -675     -3   1826      6
  -675     -6   1827      7
  -669     -6   1831      7
  -665     -5   1838      7
  -666     -5   1837      8
  -665    -10   1839      8
  -664     -5   1832      7
  -667     -8   1831      9
  -661     -7   1833     11
  -659     -9   1840      9
  -653     -3   1844      7
  -655     -6   1844      6
  -658     -6   1838      8
  -664     -6   1833      7
  -664     -8   1831      6
  -663     -6   1836      9
  -656     -9   1838      6
  -653     -9   1836      7
  -655     -7   1835      5
  -660     -4   1838      6
  -664     -8   1835      9
  -663     -4   1835     11
  -665     -6   1835     11
  -665    -10   1835     10
  -662     -9   1832      9
  -660     -6   1832     10
  -664     -5   1833      8
  -670     -4   1834      8
  -674     -5   1832      9
  -666     -7   1831      9
  -657     -3   1840      9
  -657     -2   1837     10
  -656     -2   1844     10
  -666     -4   1834      6
  -670     -6   1832      9
  -684     -5   1823      9
  -685     -6   1821     10
  -664     -5   1829      8
  -656     -6   1840      6
  -657     -8   1839      8
  -662     -9   1839      6
  -674     -6   1828     10
  -671     -7   1827      9
  -663    -10   1835     13
  -662     -6   1842      8
  -651     -3   1852     10
  -644     -2   1853     13
  -645     -3   1850      7
  -664     -2   1833      8
  -684    -11   1815     11
  -686     -5   1820      7
  -683    -10   1820      5
  -668     -4   1836     10
  -655     -6   1844     12
  -668     -2   1832     10
  -665     -9   1828     12
  -659     -6   1835     16
  -664     -5   1831     22
  -711     -5   1790     31
  -709    -19   1784     33
  -674     -3   1820     42
  -648     -2   1856     28
  -642     -8   1873     18
  -648     -3   1862     23
  -645     -3   1848     27
  -656     -6   1825     26
  -651    -11   1822     30
  -646    -15   1836     33
  -653     -7   1839     37
  -661     -8   1841     37
  -671    -10   1834     48
  -648    -17   1848     60
  -631    -13   1860     84
  -646     -8   1840     89
  -631     -9   1853     97
  -584    -13   1884    127
  -600     -6   1884    144
  -617    -19   1867    137
  -717    -14   1801    136
  -738     -1   1784    109
  -739      8   1767     60
  -720      5   1775     38
  -710     -1   1784     35
  -703    -13   1798     38
  -688    -14   1825     40
  -668    -12   1847     42
  -639    -13   1867     47
  -605     -8   1886     53
  -602     -4   1880     42
  -620     -4   1859     32
  -630     -5   1846     28
  -646     -3   1837     22
  -643     -4   1853     15
  -647     -9   1844     14
  -639     -9   1849     13
  -643    -10   1840     11
  -645     -9   1840     12
  -649    -10   1836     12
  -636     -9   1846      9
  -644     -7   1850     10
  -638    -11   1851     12
  -645    -10   1848      8
  -640     -8   1846      8
  -632    -10   1848     10
  -632     -9   1842     11
  -643    -11   1833      9
  -654    -10   1827      6
  -662     -9   1830      1
  -653    -10   1835      7
  -647    -10   1850      7
  -635     -6   1854     10
  -631     -8   1855      9
  -635    -13   1849      9
  -648    -11   1838      8
  -657    -11   1828     10
  -654     -7   1833      8
  -650     -4   1836      8
  -644     -7   1850      7
  -632     -7   1854      9
  -635     -9   1852     10
  -634    -11   1841      7
  -646    -11   1838      7
  -644     -8   1837      6
  -656    -12   1837      9
  -654    -13   1849      8
  -654    -11   1843      6
  -653     -8   1841      8
  -650    -11   1841      6
  -643     -9   1836      7
  -643    -10   1841     10
  -634    -12   1855      9
  -638     -8   1858     10
  -656     -9   1845     11
  -680    -10   1827      8
  -686    -14   1822     10
  -685    -10   1822     10
  -678    -10   1823      9
  -674     -8   1829     10
  -664    -12   1828     10
  -672    -10   1826     11
  -676     -9   1819     10
  -675    -10   1822     12
  -659    -13   1841     10
  -640    -11   1853      9
  -641    -11   1854     12
  -645    -11   1856      7
  -651     -8   1844      8
  -672    -11   1834      9
  -678    -12   1820      9
  -671    -11   1825      9
  -649     -8   1842     10
  -649     -7   1847      9
  -652    -10   1840      8
  -663    -10   1832      8
  -665     -9   1836      5
  -659     -6   1845      6
  -643     -7   1851      6
  -648     -8   1850     10
  -664    -10   1835     10
  -689     -9   1804      7
  -676    -12   1810      7
  -668     -7   1824      8
  -650     -6   1844      9
  -647     -9   1856      7
  -653    -10   1849      9
  -651     -8   1839     11
  -656    -10   1841     10
  -664     -9   1834      7
  -669    -12   1830      8
  -667    -10   1825      4
  -672    -12   1828      6
  -669    -12   1832      8
  -666    -10   1833      8
  -661    -11   1836      7
  -665    -12   1836      9
  -681     -8   1825     10
  -674     -9   1827      8
  -659     -7   1834      9
  -650    -12   1841      7
  -647    -11   1852      6
  -650     -8   1854      7
  -659     -9   1845     10
  -672     -8   1833      9
  -674    -11   1816     11
  -670    -12   1819      9
  -669    -11   1820     10
  -669    -12   1833      9
  -659    -11   1839      9
  -661    -11   1845      8
  -654    -12   1846      7
  -651    -10   1848      9
  -660    -12   1842     10
  -662    -12   1837      9
  -655     -8   1827      9
  -663     -9   1831      6
  -663     -9   1830      9
  -670    -12   1829      9
  -678    -13   1820     10
  -684     -9   1819     13
  -665    -11   1828     18
  -645    -11   1843     13
  -625    -11   1858     15
  -641    -11   1849     18
  -646    -12   1845     26
  -651     -9   1846     18
  -629     -9   1860     11
  -610      0   1828     19
  -505     21   1635     77
  -659    -42   1586     52
  -866    -45   1916    -26
  -708     -6   2147    -30
  -649      2   2081     29
  -661    -15   1917     28
  -653    -13   1812      5
  -615      0   1791     21
  -589    -18   1737     19
  -609    -17   1699     -2
  -628     -2   1721      0
  -661      2   1796     21
  -663     -3   1841     30
  -700     -9   1867     35
  -707    -16   1883     27
  -688    -17   1864     21
  -662    -18   1842     13
  -641    -19   1845     13
  -639    -14   1856     12
  -644     -8   1882     14
  -647     -7   1887      8
  -653    -10   1860     13
  -656    -17   1837     12
  -663    -15   1826     10
  -663    -13   1831      6
  -662     -7   1834      8
  -644    -13   1839     11
  -661    -18   1833     14
  -659    -19   1833     12
  -658    -14   1834     12
  -657    -12   1829      8
  -667    -10   1838      1
  -673     -7   1863      6
  -661     -8   1877     13
  -638    -12   1861     12
  -633    -10   1825      9
  -646    -12   1808      6
  -659    -13   1821      4
  -676    -15   1836      5
  -679    -15   1843     11
  -689    -15   1831     12
  -679    -13   1826      8
  -670    -13   1832      4
  -658    -12   1837      4
  -645    -11   1841      7
  -646     -9   1836     11
  -658    -12   1823     12
  -662    -12   1836      7
  -657    -10   1849      3
  -663    -13   1847      0
  -663    -16   1858      4
  -658    -12   1857      5
  -660    -11   1836      9
  -652    -12   1810     10
  -663    -13   1796      6
  -668    -13   1813      5
  -664    -14   1841      4
  -660    -13   1851     10
  -654    -12   1850     10
  -647    -16   1850      6
  -651    -14   1846      7
  -665    -14   1836      8
  -659    -11   1840      6
  -652    -10   1845      9
  -650     -5   1838     10
  -655     -7   1819     11
  -669    -17   1815      9
  -682    -13   1816      5
  -677    -13   1835      5
